45
190
746
10
265
434
278
810
507
79
165
148
742
11
25
15
109
169
187
106
20
303
136
74
166
254
22
35
39
47
200
67
36
94
130
116
213
43
13
61
111
201
27
16
103
28
18
248
59
145
231
736
725
538
275
731
345
759
221
749
745
751
730
132
555
263
195
123
804
470
280
38
427
261
460
771
435
651
272
41
701
37
780
225
58
141
107
52
144
178
122
654
440
160
4
697
580
211
29
54
198
208
34
176
232
97
133
679
724
468
391
283
0
727
26
467
455
244
40
7
748
424
226
194
117
14
202
23
223
96
257
260
150
754
374
228
752
623
220
207
753
293
256
717
197
93
12
316
466
177
276
242
227
714
348
737
175
212
99
264
361
445
733
262
483
728
68
32
808
206
138
740
354
310
205
126
726
100
269
631
219
124
363
209
404
783
