log value type
783 1.624505 1 %
783 1 5 %
783 1 10 %
783 1 20 %
404 1 1 %
404 1.515717 5 %
404 1.319508 10 %
404 0.933033 20 %
209 0.466516 1 %
209 0.466516 5 %
209 0.466516 10 %
209 0.466516 20 %
363 0.435275 1 %
363 0.287175 5 %
363 0.287175 10 %
363 0.287175 20 %
124 2.297397 1 %
124 1.414214 5 %
124 1.231144 10 %
124 1.148698 20 %
219 0.047366 1 %
219 0.870551 5 %
219 0.933033 10 %
219 0.933033 20 %
631 2.297397 1 %
631 1.624505 5 %
631 1.319508 10 %
631 1.071773 20 %
269 0.870551 1 %
269 1.231144 5 %
269 1.624505 10 %
269 1.624505 20 %
100 0.933033 1 %
100 0.707107 5 %
100 0.707107 10 %
100 0.707107 20 %
726 0.041235 1 %
726 0.041235 5 %
726 0.041235 10 %
726 0.041235 20 %
126 0.133972 1 %
126 6.964405 5 %
126 6.498019 10 %
126 5.656854 20 %
205 0.088388 1 %
205 3.24901 5 %
205 2.462289 10 %
205 1.866066 20 %
310 0.143587 1 %
310 0.870551 5 %
310 0.870551 10 %
310 0.812252 20 %
354 0.757858 1 %
354 2.143547 5 %
354 2 10 %
354 1.515717 20 %
740 3.482202 1 %
740 3.031433 5 %
740 3.031433 10 %
740 3.031433 20 %
138 1.414214 1 %
138 1.414214 5 %
138 1.414214 10 %
138 0.574349 20 %
206 1.515717 1 %
206 2 5 %
206 1.624505 10 %
206 1.319508 20 %
808 0.933033 1 %
808 0.757858 5 %
808 0.707107 10 %
808 0.659754 20 %
32 11.313708 1 %
32 5.656854 5 %
32 3.24901 10 %
32 2.143547 20 %
68 0.058315 1 %
68 1.071773 5 %
68 1.231144 10 %
68 2.828427 20 %
728 0.03125 1 %
728 0.03125 5 %
728 0.03125 10 %
728 0.03125 20 %
483 0.066986 1 %
483 1.148698 5 %
483 1.231144 10 %
483 0.933033 20 %
262 1.515717 1 %
262 1.231144 5 %
262 6.062866 10 %
262 4.924578 20 %
733 1.741101 1 %
733 0.757858 5 %
733 0.757858 10 %
733 0.707107 20 %
445 0.378929 1 %
445 1.414214 5 %
445 1.148698 10 %
445 0.870551 20 %
361 0.044194 1 %
361 2.143547 5 %
361 2.639016 10 %
361 1.866066 20 %
264 0.088388 1 %
264 2.297397 5 %
264 3.031433 10 %
264 2.639016 20 %
99 0.5 1 %
99 0.287175 5 %
99 0.267943 10 %
99 0.267943 20 %
212 0.5 1 %
212 0.203063 5 %
212 0.189465 10 %
212 0.217638 20 %
175 0.707107 1 %
175 0.535887 5 %
175 0.574349 10 %
175 0.574349 20 %
737 0.03125 1 %
737 0.03125 5 %
737 0.03125 10 %
737 0.03125 20 %
348 6.062866 1 %
348 1.866066 5 %
348 1.319508 10 %
348 1.071773 20 %
714 0.535887 1 %
714 0.574349 5 %
714 0.615572 10 %
714 0.757858 20 %
227 0.870551 1 %
227 1.071773 5 %
227 1 10 %
227 0.933033 20 %
242 0.088388 1 %
242 1.071773 5 %
242 1.414214 10 %
242 1 20 %
276 4.594793 1 %
276 5.278032 5 %
276 2.462289 10 %
276 2.143547 20 %
177 7.464264 1 %
177 4.287094 5 %
177 3.24901 10 %
177 2.828427 20 %
466 4 1 %
466 1.866066 5 %
466 1.515717 10 %
466 1.319508 20 %
316 0.287175 1 %
316 0.287175 5 %
316 0.287175 10 %
316 0.287175 20 %
12 1.515717 1 %
12 0.217638 5 %
12 0.217638 10 %
12 1.148698 20 %
93 0.659754 1 %
93 0.757858 5 %
93 0.757858 10 %
93 0.757858 20 %
197 0.03125 1 %
197 2 5 %
197 1.624505 10 %
197 1.319508 20 %
717 0.082469 1 %
717 0.088388 5 %
717 0.143587 10 %
717 0.125 20 %
256 6.062866 1 %
256 1.866066 5 %
256 1.624505 10 %
256 1.319508 20 %
293 5.278032 1 %
293 2.297397 5 %
293 1.866066 10 %
293 1.624505 20 %
753 1 1 %
753 1 5 %
753 0.933033 10 %
753 0.757858 20 %
207 1.414214 1 %
207 1.319508 5 %
207 1.414214 10 %
207 1.231144 20 %
220 0.353553 1 %
220 0.329877 5 %
220 0.329877 10 %
220 0.329877 20 %
623 1.414214 1 %
623 1.231144 5 %
623 0.870551 10 %
623 0.870551 20 %
752 1.148698 1 %
752 1.148698 5 %
752 1.148698 10 %
752 1.148698 20 %
228 3.24901 1 %
228 2.143547 5 %
228 1.741101 10 %
228 1.515717 20 %
374 1.414214 1 %
374 1.231144 5 %
374 0.933033 10 %
374 0.757858 20 %
754 0.933033 1 %
754 0.406126 5 %
754 0.406126 10 %
754 0.406126 20 %
150 0.812252 1 %
150 0.707107 5 %
150 0.707107 10 %
150 0.659754 20 %
260 0.03125 1 %
260 1.319508 5 %
260 1.319508 10 %
260 1.319508 20 %
257 0.101532 1 %
257 2.143547 5 %
257 0.757858 10 %
257 0.659754 20 %
96 0.378929 1 %
96 0.812252 5 %
96 1.148698 10 %
96 1.148698 20 %
223 1.319508 1 %
223 0.5 5 %
223 0.466516 10 %
223 0.466516 20 %
23 0.03125 1 %
23 0.933033 5 %
23 3.24901 10 %
23 2.828427 20 %
202 0.535887 1 %
202 0.574349 5 %
202 0.535887 10 %
202 0.535887 20 %
14 3.732132 1 %
14 1.624505 5 %
14 0.812252 10 %
14 0.707107 20 %
117 1.515717 1 %
117 0.574349 5 %
117 0.535887 10 %
117 0.535887 20 %
194 0.707107 1 %
194 0.03125 5 %
194 0.03125 10 %
194 0.03125 20 %
226 0.466516 1 %
226 2 5 %
226 1.231144 10 %
226 1.319508 20 %
424 0.267943 1 %
424 1 5 %
424 1 10 %
424 1 20 %
748 1.866066 1 %
748 1.414214 5 %
748 1.231144 10 %
748 1.071773 20 %
7 0.870551 1 %
7 3.24901 5 %
7 3.031433 10 %
7 2.297397 20 %
40 0.870551 1 %
40 3.482202 5 %
40 3.031433 10 %
40 2.143547 20 %
244 0.054409 1 %
244 0.812252 5 %
244 0.812252 10 %
244 1 20 %
455 5.656854 1 %
455 1.866066 5 %
455 1.231144 10 %
455 0.812252 20 %
467 1.414214 1 %
467 1.624505 5 %
467 1.231144 10 %
467 0.707107 20 %
26 0.5 1 %
26 0.406126 5 %
26 0.406126 10 %
26 0.378929 20 %
727 2.143547 1 %
727 1.866066 5 %
727 1.741101 10 %
727 1.624505 20 %
0 1.624505 1 %
0 1.414214 5 %
0 1.414214 10 %
0 1.414214 20 %
283 0.870551 1 %
283 1.414214 5 %
283 1.319508 10 %
283 1 20 %
391 5.278032 1 %
391 3.482202 5 %
391 2.828427 10 %
391 2.297397 20 %
468 1.866066 1 %
468 1.624505 5 %
468 1.624505 10 %
468 1.624505 20 %
724 0.535887 1 %
724 0.03125 5 %
724 0.03125 10 %
724 0.03125 20 %
679 0.143587 1 %
679 4.287094 5 %
679 4 10 %
679 3.732132 20 %
133 1.231144 1 %
133 1.319508 5 %
133 1.319508 10 %
133 0.535887 20 %
97 1.319508 1 %
97 1.414214 5 %
97 1.319508 10 %
97 0.615572 20 %
232 1.319508 1 %
232 1.414214 5 %
232 1.414214 10 %
232 0.574349 20 %
176 1.414214 1 %
176 1.414214 5 %
176 1.414214 10 %
176 0.659754 20 %
34 1.414214 1 %
34 1.515717 5 %
34 1.414214 10 %
34 0.574349 20 %
208 1.319508 1 %
208 1.414214 5 %
208 1.414214 10 %
208 0.574349 20 %
198 1.319508 1 %
198 1.414214 5 %
198 1.414214 10 %
198 0.574349 20 %
54 6.964405 1 %
54 3.482202 5 %
54 2.828427 10 %
54 2.462289 20 %
29 0.707107 1 %
29 0.615572 5 %
29 0.615572 10 %
29 0.5 20 %
211 0.535887 1 %
211 0.933033 5 %
211 1 10 %
211 0.870551 20 %
580 0.378929 1 %
580 0.659754 5 %
580 0.870551 10 %
580 0.933033 20 %
697 0.133972 1 %
697 1.866066 5 %
697 1.624505 10 %
697 1.148698 20 %
4 0.03125 1 %
4 0.03125 5 %
4 0.03125 10 %
4 0.03125 20 %
160 0.082469 1 %
160 1.231144 5 %
160 1.319508 10 %
160 0.933033 20 %
440 1.741101 1 %
440 1.071773 5 %
440 0.812252 10 %
440 0.812252 20 %
654 0.287175 1 %
654 1.319508 5 %
654 1.319508 10 %
654 1.319508 20 %
122 1.414214 1 %
122 0.707107 5 %
122 0.659754 10 %
122 0.615572 20 %
178 2 1 %
178 2 5 %
178 2 10 %
178 1.866066 20 %
144 3.732132 1 %
144 3.482202 5 %
144 3.24901 10 %
144 2.639016 20 %
52 1.866066 1 %
52 1.866066 5 %
52 1.866066 10 %
52 1.866066 20 %
107 1.866066 1 %
107 2 5 %
107 2.297397 10 %
107 2.143547 20 %
141 1.741101 1 %
141 1.741101 5 %
141 1.741101 10 %
141 1.741101 20 %
58 1.624505 1 %
58 1.741101 5 %
58 1.741101 10 %
58 1.741101 20 %
225 2.143547 1 %
225 2.297397 5 %
225 2.297397 10 %
225 2.143547 20 %
780 2.639016 1 %
780 0.466516 5 %
780 0.5 10 %
780 0.535887 20 %
37 1.071773 1 %
37 0.933033 5 %
37 0.870551 10 %
37 0.812252 20 %
701 1 1 %
701 1 5 %
701 0.659754 10 %
701 0.707107 20 %
41 3.24901 1 %
41 0.870551 5 %
41 0.307786 10 %
41 0.307786 20 %
272 0.047366 1 %
272 0.757858 5 %
272 0.757858 10 %
272 0.757858 20 %
651 0.044194 1 %
651 0.870551 5 %
651 0.870551 10 %
651 0.870551 20 %
435 0.054409 1 %
435 0.870551 5 %
435 1 10 %
435 1 20 %
771 1.071773 1 %
771 1 5 %
771 0.933033 10 %
771 0.615572 20 %
460 0.267943 1 %
460 2.143547 5 %
460 2.297397 10 %
460 1.741101 20 %
261 0.329877 1 %
261 0.287175 5 %
261 0.03125 10 %
261 0.03125 20 %
427 1.414214 1 %
427 1.414214 5 %
427 1.414214 10 %
427 1.319508 20 %
38 0.038473 1 %
38 6.498019 5 %
38 6.964405 10 %
38 6.964405 20 %
280 1.231144 1 %
280 1.866066 5 %
280 1.624505 10 %
280 1.515717 20 %
470 0.757858 1 %
470 0.757858 5 %
470 0.353553 10 %
470 0.406126 20 %
804 1.515717 1 %
804 1.148698 5 %
804 1.148698 10 %
804 1.071773 20 %
123 0.0625 1 %
123 1.071773 5 %
123 1.231144 10 %
123 1.148698 20 %
195 0.088388 1 %
195 0.933033 5 %
195 1.148698 10 %
195 1 20 %
263 0.176777 1 %
263 1.148698 5 %
263 1.148698 10 %
263 1 20 %
555 0.038473 1 %
555 0.03125 5 %
555 0.03125 10 %
555 0.03125 20 %
132 1.319508 1 %
132 1.231144 5 %
132 1.148698 10 %
132 1.071773 20 %
730 0.5 1 %
730 0.574349 5 %
730 0.535887 10 %
730 0.435275 20 %
751 0.466516 1 %
751 0.435275 5 %
751 0.435275 10 %
751 0.406126 20 %
745 0.466516 1 %
745 0.435275 5 %
745 0.435275 10 %
745 0.406126 20 %
749 0.406126 1 %
749 0.353553 5 %
749 0.353553 10 %
749 0.307786 20 %
221 0.5 1 %
221 0.466516 5 %
221 0.466516 10 %
221 0.435275 20 %
759 0.406126 1 %
759 0.378929 5 %
759 0.378929 10 %
759 0.353553 20 %
345 0.435275 1 %
345 0.466516 5 %
345 0.466516 10 %
345 0.435275 20 %
731 0.406126 1 %
731 0.466516 5 %
731 0.435275 10 %
731 0.435275 20 %
275 0.466516 1 %
275 0.5 5 %
275 0.5 10 %
275 0.466516 20 %
538 0.378929 1 %
538 0.378929 5 %
538 0.378929 10 %
538 0.378929 20 %
725 0.378929 1 %
725 0.466516 5 %
725 0.466516 10 %
725 0.435275 20 %
736 0.329877 1 %
736 0.329877 5 %
736 0.329877 10 %
736 0.267943 20 %
231 0.707107 1 %
231 0.5 5 %
231 0.189465 10 %
231 0.116629 20 %
145 0.659754 1 %
145 0.5 5 %
145 0.435275 10 %
145 0.133972 20 %
59 0.659754 1 %
59 0.5 5 %
59 0.466516 10 %
59 0.143587 20 %
248 0.707107 1 %
248 0.535887 5 %
248 0.466516 10 %
248 0.153893 20 %
18 0.707107 1 %
18 0.5 5 %
18 0.189465 10 %
18 0.189465 20 %
28 0.707107 1 %
28 0.5 5 %
28 0.164938 10 %
28 0.143587 20 %
103 0.757858 1 %
103 0.5 5 %
103 0.466516 10 %
103 0.125 20 %
16 0.707107 1 %
16 0.574349 5 %
16 0.466516 10 %
16 0.125 20 %
27 0.659754 1 %
27 0.5 5 %
27 0.116629 10 %
27 0.101532 20 %
201 0.659754 1 %
201 0.5 5 %
201 0.125 10 %
201 0.116629 20 %
111 0.659754 1 %
111 0.5 5 %
111 0.466516 10 %
111 0.133972 20 %
61 0.659754 1 %
61 0.5 5 %
61 0.153893 10 %
61 0.143587 20 %
13 0.707107 1 %
13 0.5 5 %
13 0.5 10 %
13 0.133972 20 %
43 0.659754 1 %
43 0.466516 5 %
43 0.125 10 %
43 0.101532 20 %
213 0.659754 1 %
213 0.466516 5 %
213 0.176777 10 %
213 0.133972 20 %
116 0.659754 1 %
116 0.5 5 %
116 0.217638 10 %
116 0.125 20 %
130 0.659754 1 %
130 0.5 5 %
130 0.133972 10 %
130 0.116629 20 %
94 0.659754 1 %
94 0.5 5 %
94 0.353553 10 %
94 0.143587 20 %
36 0.707107 1 %
36 0.5 5 %
36 0.5 10 %
36 0.176777 20 %
67 0.707107 1 %
67 0.5 5 %
67 0.466516 10 %
67 0.143587 20 %
200 0.707107 1 %
200 0.535887 5 %
200 0.466516 10 %
200 0.176777 20 %
47 0.659754 1 %
47 0.466516 5 %
47 0.143587 10 %
47 0.101532 20 %
39 0.707107 1 %
39 0.5 5 %
39 0.164938 10 %
39 0.164938 20 %
35 0.659754 1 %
35 0.5 5 %
35 0.435275 10 %
35 0.153893 20 %
22 0.707107 1 %
22 0.5 5 %
22 0.466516 10 %
22 0.133972 20 %
254 0.707107 1 %
254 0.5 5 %
254 0.466516 10 %
254 0.133972 20 %
166 0.659754 1 %
166 0.659754 5 %
166 0.466516 10 %
166 0.101532 20 %
74 0.757858 1 %
74 0.5 5 %
74 0.466516 10 %
74 0.153893 20 %
136 0.707107 1 %
136 0.574349 5 %
136 0.378929 10 %
136 0.25 20 %
303 0.707107 1 %
303 0.535887 5 %
303 0.466516 10 %
303 0.125 20 %
20 0.659754 1 %
20 0.5 5 %
20 0.466516 10 %
20 0.133972 20 %
106 0.659754 1 %
106 0.5 5 %
106 0.108819 10 %
106 0.108819 20 %
187 0.707107 1 %
187 0.5 5 %
187 0.189465 10 %
187 0.164938 20 %
169 0.812252 1 %
169 0.5 5 %
169 0.5 10 %
169 0.143587 20 %
109 0.707107 1 %
109 0.5 5 %
109 0.353553 10 %
109 0.153893 20 %
15 1 1 %
15 0.812252 5 %
15 0.757858 10 %
15 0.659754 20 %
25 1.148698 1 %
25 0.812252 5 %
25 0.659754 10 %
25 0.574349 20 %
11 0.933033 1 %
11 0.812252 5 %
11 0.659754 10 %
11 0.535887 20 %
742 1.515717 1 %
742 1.866066 5 %
742 2.143547 10 %
742 1.148698 20 %
148 8 1 %
148 6.964405 5 %
148 6.498019 10 %
148 3.24901 20 %
165 0.757858 1 %
165 2.639016 5 %
165 1.414214 10 %
165 1.231144 20 %
79 4.594793 1 %
79 4.287094 5 %
79 3.24901 10 %
79 2.143547 20 %
507 1.741101 1 %
507 1.414214 5 %
507 1.414214 10 %
507 1.414214 20 %
278 0.047366 1 %
278 1.624505 5 %
278 1.414214 10 %
278 1.414214 20 %
434 0.0625 1 %
434 2.297397 5 %
434 2.143547 10 %
434 2.143547 20 %
265 0.659754 1 %
265 1.866066 5 %
265 1.515717 10 %
265 1.414214 20 %
10 0.466516 1 %
10 0.108819 5 %
10 0.108819 10 %
10 0.108819 20 %
746 0.088388 1 %
746 0.088388 5 %
746 0.088388 10 %
746 0.088388 20 %
190 5.656854 1 %
190 1.741101 5 %
190 1.414214 10 %
190 1.071773 20 %
45 1.414214 1 %
45 0.267943 5 %
45 0.307786 10 %
45 0.466516 20 %
