log value type
0 4.03061 1
0 0.322325 2
0 0.0301788 3
0 0.0330833 4
4 23.4769 1
4 63.886 2
4 59.4337 3
4 67.5873 4
7 4.87374 1
7 4.39019 2
7 3.14412 3
7 2.25969 4
10 2.81505 1
10 0.132315 2
10 0.113257 3
10 0.129089 4
11 3.78183 1
11 0.846577 2
11 0.588754 3
11 0.517858 4
12 4.32116 1
12 0.640039 2
12 1.00901 3
12 0.888866 4
13 2.60829 1
13 0.50213 2
13 0.327344 3
13 0.14659 4
14 5.44522 1
14 2.11749 2
14 0.821818 3
14 0.702845 4
15 3.90668 1
15 0.912404 2
15 0.665748 3
15 0.607357 4
16 2.59033 1
16 0.534958 2
16 0.253061 3
16 0.192577 4
18 2.52743 1
18 0.48824 2
18 0.24598 3
18 0.226043 4
20 2.67711 1
20 0.567157 2
20 0.250762 3
20 0.249944 4
22 2.54775 1
22 0.521841 2
22 0.232167 3
22 0.230849 4
23 2.99269 1
23 16.9212 2
23 3.87752 3
23 3.35309 4
25 3.7746 1
25 0.849315 2
25 0.609587 3
25 0.502243 4
26 2.47723 1
26 0.434403 2
26 0.406252 3
26 0.391791 4
27 2.53629 1
27 0.370988 2
27 0.276652 3
27 0.238201 4
28 2.5154 1
28 0.523592 2
28 0.148627 3
28 0.240291 4
29 0.975687 1
29 0.595162 2
29 0.557172 3
29 0.463044 4
32 21.3812 1
32 7.22661 2
32 2.71986 3
32 2.09171 4
34 4.02845 1
34 1.69985 2
34 1.35284 3
34 0.602944 4
35 2.60129 1
35 0.524141 2
35 0.245636 3
35 0.264329 4
36 2.60667 1
36 0.531049 2
36 0.264556 3
36 0.217354 4
37 4.17036 1
37 1.04601 2
37 0.976231 3
37 0.823946 4
38 8.24868 1
38 7.00933 2
38 7.66282 3
38 7.55515 4
39 2.45354 1
39 0.472006 2
39 0.21697 3
39 0.276327 4
40 4.81432 1
40 4.44153 2
40 3.1783 3
40 2.19099 4
41 5.75357 1
41 0.904255 2
41 0.28276 3
41 0.36299 4
43 2.31766 1
43 0.418923 2
43 0.208722 3
43 0.224552 4
45 4.35412 1
45 0.413518 2
45 0.440245 3
45 0.829014 4
47 2.48617 1
47 0.40665 2
47 0.277845 3
47 0.242631 4
52 3.18837 1
52 1.9803 2
52 2.03223 3
52 1.90655 4
54 8.71609 1
54 5.18681 2
54 2.76615 3
54 2.34915 4
58 3.14693 1
58 2.05562 2
58 2.18762 3
58 2.45946 4
59 2.61761 1
59 0.475379 2
59 0.334541 3
59 0.247767 4
61 2.51659 1
61 0.490444 2
61 0.136447 3
61 0.290058 4
67 2.64229 1
67 0.525149 2
67 0.238094 3
67 0.23101 4
68 2.66891 1
68 13.8918 2
68 68.5324 3
68 15.2217 4
74 2.60454 1
74 0.540273 2
74 0.326805 3
74 0.252058 4
79 12.2917 1
79 6.45887 2
79 4.72021 3
79 3.59245 4
93 3.63163 1
93 0.543162 2
93 0.473053 3
94 2.46965 1
94 0.449121 2
94 0.324943 3
94 0.193642 4
96 2.655 1
96 5.54301 2
96 4.66678 3
96 11.6738 4
97 3.84928 1
97 1.59578 2
97 1.08676 3
97 0.629355 4
99 1.55017 1
99 0.32033 2
99 0.265902 3
99 0.317298 4
100 1.52551 1
100 1.11398 2
100 0.768282 3
100 0.350324 4
103 2.60293 1
103 0.508848 2
103 0.294881 3
103 0.212611 4
106 2.55309 1
106 0.524595 2
106 0.175482 3
106 0.276191 4
107 3.95152 1
107 2.48658 2
107 2.52687 3
107 2.62677 4
109 2.54382 1
109 0.502498 2
109 0.246838 3
109 0.235837 4
111 2.52384 1
111 0.542313 2
111 0.212266 3
111 0.219256 4
116 2.55038 1
116 0.474019 2
116 0.224334 3
116 0.224329 4
117 2.64415 1
117 0.85853 2
117 0.562449 3
117 0.582935 4
122 2.78696 1
122 1.05691 2
122 0.710756 3
122 0.673687 4
123 0.84108 1
123 11.9583 2
123 2.63718 3
123 2.3464 4
124 3.10424 1
124 2.91655 2
124 4.69079 3
124 5.39404 4
126 9.06129 1
126 7.73086 2
126 6.77623 3
126 6.04007 4
130 2.43633 1
130 0.444335 2
130 0.250691 3
130 0.233236 4
132 2.15352 1
132 1.22194 2
132 1.10966 3
132 1.02983 4
133 4.14936 1
133 1.45203 2
133 1.43359 3
133 0.544861 4
136 2.56531 1
136 0.560179 2
136 0.260456 3
136 0.284103 4
138 4.148 1
138 1.59568 2
138 1.20531 3
138 0.607777 4
141 3.47382 1
141 1.93522 2
141 2.09278 3
141 2.90559 4
144 6.13958 1
144 3.52796 2
144 3.5639 3
144 3.46766 4
145 2.5325 1
145 0.507664 2
145 0.23728 3
145 0.207261 4
148 8.99734 1
148 7.24889 2
148 7.7076 3
148 2.75746 4
150 2.91604 1
150 0.680225 2
150 0.62763 3
150 0.516936 4
160 1.03234 1
160 14.9317 2
160 6.08908 3
160 6.64072 4
165 6.59066 1
165 2.74574 2
165 1.41175 3
165 1.35344 4
166 2.66048 1
166 0.562834 2
166 0.243304 3
166 0.157098 4
169 2.68871 1
169 0.522893 2
169 0.365809 3
169 0.187891 4
175 4.81563 1
175 0.893888 2
175 1.00096 3
175 0.754575 4
176 4.23274 1
176 1.54584 2
176 1.43948 3
176 0.624607 4
177 39.294 1
177 4.36385 2
177 3.07261 3
177 2.67972 4
178 3.57819 1
178 2.13784 2
178 2.12692 3
178 1.99088 4
187 2.49765 1
187 0.510448 2
187 0.234007 3
187 0.272349 4
190 7.53533 1
190 1.74069 2
190 1.32361 3
190 1.0067 4
194 1.46502 1
194 8.7782 2
194 4.76264 3
195 3.19444 1
195 22.4806 2
195 6.02446 3
195 6.25812 4
197 6.0499 1
197 3.67225 2
197 1.75612 3
197 1.50835 4
198 4.09302 1
198 1.56631 2
198 1.2903 3
198 0.494412 4
200 2.60384 1
200 0.522981 2
200 0.31471 3
200 0.238943 4
201 2.50545 1
201 0.493797 2
201 0.285618 3
201 0.216502 4
202 0.912303 1
202 0.573951 2
202 0.52949 3
202 0.532418 4
205 0.834567 1
205 4.63186 2
205 2.26499 3
205 1.79888 4
206 11.7724 1
206 2.90106 2
206 1.71681 3
206 1.17048 4
207 2.01537 1
207 1.68291 2
207 1.23984 3
208 4.12142 1
208 1.52602 2
208 1.28428 3
208 0.577856 4
209 1.56729 1
209 0.429014 2
209 0.43481 3
209 0.376988 4
211 1.15144 1
211 8.49908 2
211 5.64215 3
211 4.18786 4
212 1.95416 1
212 0.20325 2
212 0.283549 3
212 0.403335 4
213 2.4425 1
213 0.408966 2
213 0.314298 3
213 0.302558 4
219 1.6105 1
219 23.1849 2
219 3.9402 3
219 4.98467 4
220 0.564746 1
220 0.348541 2
220 0.588668 3
220 1.02471 4
221 0.586517 1
221 0.486153 2
221 0.467006 3
221 0.402475 4
223 2.30263 1
223 0.945493 2
223 0.53193 3
223 0.497024 4
225 3.855 1
225 2.52604 2
225 2.38288 3
225 2.25492 4
226 1.94733 1
226 4.79907 2
226 1.43968 3
226 1.8183 4
227 4.58623 1
227 1.1626 2
227 1.03156 3
227 0.969874 4
228 14.2306 1
228 3.19815 2
228 1.78155 3
228 1.78155 4
231 2.55737 1
231 0.465256 2
231 0.269128 3
231 0.248026 4
232 4.22047 1
232 1.54524 2
232 1.52781 3
232 0.551265 4
242 0.980385 1
242 10.4619 2
242 5.0685 3
242 5.16788 4
244 2.14943 1
244 1.50657 2
244 0.906015 3
244 0.80667 4
248 2.59273 1
248 0.532965 2
248 0.268051 3
248 0.215176 4
254 2.58945 1
254 0.53307 2
254 0.279422 3
254 0.229898 4
256 12.0611 1
256 1.99785 2
256 1.53559 3
256 1.38446 4
257 3.97958 1
257 2.87389 2
257 5.38905 3
257 1.57126 4
260 3.08781 1
260 1.13253 2
260 0.800675 3
260 0.475898 4
261 1.39962 1
261 0.242991 2
261 0.0298216 3
261 0.0345146 4
262 19.5849 1
262 14.2468 2
262 18.5982 3
262 11.03 4
263 4.34 1
263 7.10222 2
263 3.35711 3
263 4.46923 4
264 6.78925 1
264 9.58947 2
264 3.31665 3
264 3.07852 4
265 2.57341 1
265 3.20057 2
265 1.63638 3
265 1.46669 4
269 3.95056 1
269 1.64539 2
269 1.85075 3
269 1.65163 4
272 4.30584 1
272 1.66352 2
272 0.929286 3
272 0.984777 4
275 0.566534 1
275 0.505646 2
275 0.498854 3
275 0.43632 4
276 4.90932 1
276 5.3045 2
276 2.64689 3
276 2.14838 4
278 4.61939 1
278 2.55483 2
278 1.48091 3
280 3.26874 1
280 2.00138 2
280 1.52173 3
280 1.49964 4
283 4.47085 1
283 8.55637 2
283 5.38772 3
283 4.38727 4
293 20.0109 1
293 2.53935 2
293 1.76945 3
293 1.61703 4
303 2.63415 1
303 0.554917 2
303 0.265134 3
303 0.232854 4
310 2.01823 1
310 3.85469 2
310 1.45743 3
310 0.996958 4
316 0.355164 1
316 0.30974 2
316 0.299214 3
316 0.296295 4
345 0.513507 1
345 0.476638 2
345 0.466103 3
345 0.370209 4
348 5.2973 1
348 2.6781 2
348 1.15404 3
348 0.813006 4
354 5.4678 1
354 7.19136 2
354 3.67147 3
354 3.69477 4
361 1.64479 1
361 10.154 2
361 3.66753 3
361 3.36228 4
363 1.6286 1
363 0.271558 2
363 0.271236 3
363 0.267115 4
374 2.73627 1
374 2.62943 2
374 1.68739 3
374 0.689343 4
391 9.92964 1
391 4.03112 2
391 3.64656 3
391 3.32962 4
404 6.10258 1
404 5.22407 2
404 2.06088 3
404 1.10389 4
424 1.13978 1
424 3.18824 2
424 1.96116 3
424 0.449423 4
427 2.36484 1
427 5.25045 2
427 2.27007 3
427 1.49896 4
434 1.33735 1
434 5.98128 2
434 6.06487 3
434 5.05272 4
435 2.87182 1
435 26.7035 2
435 5.24195 3
435 5.46395 4
440 3.70276 1
440 0.874631 2
440 0.736471 3
440 0.665761 4
445 4.59497 1
445 2.55415 2
445 0.819741 3
445 0.75072 4
455 6.23257 1
455 3.21204 2
455 1.23279 3
455 0.791642 4
460 3.27898 1
460 10.5733 2
460 4.02813 3
460 4.24939 4
466 12.1035 1
466 1.84628 2
466 1.21252 3
466 1.08137 4
467 5.51303 1
467 3.24039 2
467 1.04433 3
467 0.763003 4
468 2.4378 1
468 1.42812 2
468 1.40749 3
468 1.06897 4
470 3.40938 1
470 0.638878 2
470 0.410242 3
470 0.432212 4
483 0.943922 1
483 14.0262 2
483 5.63065 3
483 5.49955 4
507 7.33468 1
538 0.522521 1
538 0.383187 2
538 0.388695 3
538 0.349537 4
555 0.810035 1
555 9.11026 2
555 14.1242 3
555 10.4143 4
580 1.1286 1
580 2.50578 2
580 1.29956 3
580 1.50704 4
623 4.19166 1
623 1.44473 2
623 0.823137 3
623 0.705151 4
631 12.7513 1
631 1.93285 2
631 1.38981 3
631 1.14091 4
651 1.11228 1
651 29.9021 2
651 14.3675 3
651 6.51677 4
654 6.7804 1
654 1.56371 2
654 1.91034 3
679 28.7032 1
679 4.54281 2
679 3.92253 3
679 3.67426 4
697 4.51032 1
697 2.13618 2
697 1.19687 3
697 0.527006 4
701 5.81418 1
701 1.53393 2
701 1.18398 3
701 1.24974 4
714 2.7456 1
714 0.605096 2
714 0.944981 3
714 1.83213 4
717 0.604442 1
717 0.729342 2
717 0.788771 3
717 0.827373 4
724 1.3445 1
724 0.0132615 2
724 0.334283 3
724 0.00481868 4
725 0.492305 1
725 0.47249 2
725 0.473925 3
725 0.419332 4
726 1.60343 1
726 0.0436599 2
726 0.164935 3
726 0.0605024 4
727 5.84099 1
727 2.6352 2
727 2.33984 3
727 2.2391 4
728 0.438628 1
728 0.0677443 2
728 0.0592919 3
728 0.0376735 4
730 0.578893 1
730 0.590115 2
730 0.534392 3
730 0.397024 4
731 0.522569 1
731 0.473048 2
731 0.448919 3
731 0.390094 4
733 5.10096 1
733 0.923851 2
733 0.900131 3
733 0.818376 4
736 0.483611 1
736 0.340802 2
736 0.317351 3
736 0.284424 4
737 0.56905 1
737 47.0513 2
737 86.4293 3
737 23.981 4
740 10.2897 1
740 3.19101 2
740 3.13934 3
740 3.14048 4
742 1.6144 1
742 2.31722 2
742 2.09177 3
742 1.75712 4
745 0.554437 1
745 0.460996 2
745 0.443344 3
745 0.349845 4
746 0.472893 1
746 0.106418 2
746 0.141669 3
746 0.0651265 4
748 2.23752 1
748 1.57749 2
748 1.23392 3
748 1.00768 4
749 0.541359 1
749 0.360222 2
749 0.338939 3
749 0.27601 4
751 0.556016 1
751 0.460272 2
751 0.445518 3
751 0.375716 4
752 6.36527 1
753 1.75446 1
753 0.799689 2
753 0.75944 3
753 0.5943 4
754 2.78343 1
754 0.590653 2
754 0.361289 3
754 0.304696 4
759 0.519943 1
759 0.392594 2
759 0.370396 3
759 0.338768 4
771 1.4777 1
771 0.995 2
771 0.606365 3
771 0.427876 4
780 3.75964 1
780 0.821482 2
780 0.643275 3
780 0.487803 4
783 3.29249 1
783 1.06105 2
783 1.04293 3
783 1.0917 4
804 1.63968 1
804 1.1938 2
804 1.12266 3
804 0.968018 4
808 0.955842 1
808 0.817696 2
808 0.631287 3
808 0.623231 4
810 1.45447 1
810 0.969256 2
810 0.888611 3
810 0.839152 4
